50
50
0.000000 0.000000 0.798440 0.197551 0.000000 0.000000 0.553970 0.000000 0.000000 0.000000 0.000000 0.000000 0.000000 0.000000 0.000000 0.000000 0.000000 0.000000 0.000000 0.000000 0.156679 0.000000 0.000000 0.000000 0.000000 0.000000 0.839112 0.000000 0.000000 0.524287 0.972775 0.000000 0.000000 0.769914 0.891529 0.000000 0.807725 0.000000 0.000000 0.000000 0.086056 0.000000 0.000000 0.000000 0.064171 0.000000 0.000000 0.238280 0.902208 0.000000 
0.000000 0.375207 0.512535 0.531606 0.000000 0.000000 0.930810 0.000000 0.000000 0.000000 0.000000 0.000000 0.000000 0.000000 0.000000 0.000000 0.000000 0.000000 0.000000 0.000000 0.000000 0.000000 0.000000 0.000000 0.000000 0.000000 0.000000 0.000000 0.000000 0.000000 0.000000 0.000000 0.000000 0.000000 0.000000 0.000000 0.000000 0.641081 0.000000 0.281059 0.000000 0.000000 0.226107 0.000000 0.556444 0.169607 0.000000 0.000000 0.495444 0.984752 
0.000000 0.383188 0.368664 0.000000 0.000000 0.244413 0.000000 0.125475 0.000000 0.000000 0.000000 0.000000 0.000000 0.000000 0.176211 0.000000 0.000000 0.000000 0.000000 0.000000 0.000000 0.093480 0.000000 0.000000 0.069906 0.000000 0.819677 0.000000 0.000000 0.000000 0.000000 0.204329 0.125468 0.000000 0.000000 0.000000 0.000000 0.000000 0.000000 0.000000 0.000000 0.000000 0.913027 0.000000 0.000000 0.000000 0.452576 0.000000 0.000000 0.000000 
0.304295 0.000000 0.877614 0.000000 0.035421 0.000000 0.000000 0.000000 0.000000 0.979434 0.000000 0.000000 0.000000 0.497259 0.000000 0.000000 0.000000 0.000000 0.000000 0.000000 0.229137 0.316867 0.000000 0.000000 0.000000 0.000000 0.000000 0.000000 0.000000 0.280042 0.000000 0.113281 0.000000 0.000000 0.450918 0.000000 0.000000 0.003231 0.000000 0.000000 0.000000 0.000000 0.000000 0.000000 0.000000 0.000000 0.000000 0.000000 0.000000 0.000000 
0.000000 0.000000 0.000000 0.637640 0.184622 0.000000 0.730729 0.000000 0.000000 0.000000 0.000000 0.653130 0.000000 0.000000 0.000000 0.000000 0.686125 0.000000 0.000000 0.000000 0.000000 0.000000 0.000000 0.000000 0.000000 0.000000 0.189751 0.003579 0.331479 0.000000 0.000000 0.000000 0.764871 0.000000 0.000000 0.383832 0.000000 0.000000 0.000000 0.000000 0.000000 0.000000 0.000000 0.000000 0.000000 0.000000 0.000000 0.000000 0.000000 0.273911 
0.000000 0.000000 0.000000 0.000000 0.000000 0.000000 0.000000 0.000000 0.000000 0.727550 0.000000 0.000000 0.000000 0.000000 0.178208 0.000000 0.121259 0.000000 0.000000 0.931895 0.000000 0.000000 0.000000 0.000000 0.334972 0.000000 0.000000 0.000000 0.000000 0.000000 0.000000 0.000000 0.363598 0.331386 0.000000 0.000000 0.000000 0.000000 0.000000 0.761778 0.000000 0.000000 0.000000 0.000000 0.000000 0.557561 0.000000 0.000000 0.000000 0.326013 
0.000000 0.000000 0.000000 0.000000 0.000000 0.000000 0.000000 0.000000 0.000000 0.000000 0.783282 0.000000 0.000000 0.000000 0.000000 0.000000 0.000000 0.000000 0.707909 0.473894 0.000000 0.099559 0.000000 0.000000 0.000000 0.000000 0.000000 0.000000 0.000000 0.000000 0.692076 0.000000 0.000000 0.578635 0.000000 0.000000 0.000000 0.000000 0.000000 0.169820 0.000000 0.618925 0.000000 0.000000 0.000000 0.000000 0.000000 0.000000 0.481733 0.000000 
0.000000 0.000000 0.000000 0.000000 0.000000 0.357193 0.000000 0.000000 0.659146 0.257469 0.000000 0.000000 0.308157 0.000000 0.000000 0.000000 0.674605 0.000000 0.000000 0.000000 0.315658 0.000000 0.000000 0.000000 0.000000 0.000000 0.000000 0.000000 0.000000 0.305408 0.000000 0.000000 0.000000 0.000000 0.000000 0.000000 0.697848 0.000000 0.000000 0.000000 0.000000 0.000000 0.000000 0.000000 0.000000 0.000000 0.000000 0.801897 0.000000 0.032893 
0.000000 0.000000 0.000000 0.000000 0.000000 0.000000 0.000000 0.618958 0.000000 0.000000 0.005709 0.000000 0.000000 0.000000 0.000000 0.000000 0.000000 0.879009 0.000000 0.000000 0.186265 0.000000 0.000000 0.675654 0.000000 0.394521 0.868924 0.738959 0.233119 0.000000 0.933420 0.000000 0.000000 0.000000 0.814139 0.000000 0.995300 0.000000 0.000000 0.000000 0.000000 0.000000 0.000000 0.000000 0.000000 0.000000 0.470564 0.000000 0.000000 0.000000 
0.000000 0.000000 0.000000 0.000000 0.000000 0.000000 0.000000 0.000000 0.000000 0.596899 0.000000 0.000000 0.000000 0.000000 0.000000 0.000000 0.000000 0.000000 0.000000 0.000000 0.510349 0.000000 0.000000 0.637656 0.143982 0.000000 0.000000 0.000000 0.000000 0.000000 0.000000 0.582682 0.000000 0.995165 0.074260 0.597280 0.219788 0.923513 0.462852 0.850586 0.000000 0.000000 0.767014 0.000000 0.219136 0.000000 0.000000 0.000000 0.967277 0.000000 
0.000000 0.000000 0.000000 0.000000 0.000000 0.000000 0.000000 0.780224 0.904782 0.000000 0.000000 0.000000 0.402379 0.554448 0.000000 0.000000 0.360105 0.000000 0.000000 0.000000 0.000000 0.000000 0.000000 0.199003 0.592692 0.000000 0.000000 0.000000 0.000000 0.000000 0.018911 0.000000 0.000000 0.000000 0.000000 0.887197 0.000000 0.000000 0.000000 0.000000 0.000000 0.000000 0.000000 0.000000 0.000000 0.000000 0.899431 0.000000 0.000000 0.000000 
0.000000 0.000000 0.000000 0.000000 0.000000 0.000000 0.000000 0.000000 0.122326 0.000000 0.000000 0.000000 0.000000 0.000000 0.000000 0.202977 0.000000 0.000000 0.000000 0.000000 0.000000 0.000000 0.000000 0.461848 0.915221 0.000000 0.070557 0.000000 0.000000 0.000000 0.000000 0.912391 0.190709 0.431844 0.000000 0.000000 0.997970 0.523548 0.000000 0.699787 0.889343 0.000000 0.000000 0.766701 0.698713 0.000000 0.000000 0.000000 0.000000 0.000000 
0.000000 0.000000 0.000000 0.000000 0.000000 0.000000 0.000000 0.000000 0.000000 0.000000 0.591111 0.000000 0.157275 0.136171 0.058052 0.945502 0.000000 0.000000 0.256969 0.000000 0.000000 0.000000 0.000000 0.000000 0.000000 0.000000 0.729398 0.264172 0.538175 0.000000 0.347546 0.000000 0.000000 0.307168 0.000000 0.000000 0.269022 0.000000 0.000000 0.000000 0.258112 0.016177 0.000000 0.000000 0.000000 0.000000 0.000000 0.000000 0.000000 0.000000 
0.000000 0.000000 0.000000 0.000000 0.000000 0.000000 0.000000 0.000000 0.000000 0.000000 0.000000 0.000000 0.889813 0.000000 0.000000 0.000000 0.000000 0.000000 0.000000 0.000000 0.000000 0.000000 0.000000 0.000000 0.000000 0.000000 0.507410 0.000000 0.000000 0.000000 0.000000 0.000000 0.000000 0.000000 0.000000 0.000000 0.000000 0.000000 0.000000 0.000000 0.000000 0.000000 0.000000 0.000000 0.000000 0.736462 0.000000 0.000000 0.000000 0.000000 
0.000000 0.000000 0.000000 0.000000 0.000000 0.000000 0.000000 0.000000 0.000000 0.000000 0.000000 0.000000 0.000000 0.239321 0.095043 0.000000 0.000000 0.937714 0.096681 0.845273 0.000000 0.000000 0.000000 0.000000 0.323983 0.000000 0.000000 0.000000 0.000000 0.000000 0.000000 0.000000 0.000000 0.000000 0.000000 0.528885 0.000000 0.000000 0.000000 0.000000 0.514936 0.000000 0.000000 0.160162 0.433758 0.000000 0.126222 0.000000 0.000000 0.000000 
0.000000 0.000000 0.000000 0.000000 0.000000 0.000000 0.000000 0.000000 0.000000 0.000000 0.000000 0.000000 0.000000 0.000000 0.000000 0.000000 0.047183 0.000000 0.000000 0.000000 0.000000 0.000000 0.000000 0.700340 0.000000 0.822426 0.000000 0.000000 0.789244 0.381888 0.000000 0.000000 0.747277 0.000000 0.000000 0.000000 0.635204 0.000000 0.502401 0.000000 0.029476 0.000000 0.000000 0.000000 0.195898 0.000000 0.000000 0.184025 0.000000 0.000000 
0.000000 0.000000 0.000000 0.000000 0.000000 0.000000 0.000000 0.000000 0.000000 0.000000 0.000000 0.000000 0.000000 0.000000 0.102233 0.000000 0.000000 0.000000 0.000000 0.947001 0.506915 0.000000 0.000000 0.000000 0.000000 0.000000 0.000000 0.000000 0.673996 0.000000 0.812997 0.000000 0.000000 0.000000 0.000000 0.774432 0.000000 0.880009 0.000000 0.000000 0.443043 0.000000 0.100686 0.000000 0.000000 0.000000 0.000000 0.749719 0.000000 0.000000 
0.000000 0.000000 0.000000 0.000000 0.000000 0.000000 0.000000 0.000000 0.000000 0.000000 0.000000 0.000000 0.000000 0.000000 0.272189 0.000000 0.901549 0.000000 0.000000 0.000000 0.000000 0.000000 0.224415 0.000000 0.000000 0.000000 0.000000 0.000000 0.000000 0.192486 0.133388 0.000000 0.002828 0.000000 0.000000 0.000000 0.000000 0.000000 0.000000 0.959716 0.000000 0.000000 0.000000 0.000000 0.536115 0.465835 0.000000 0.000000 0.405267 0.837986 
0.000000 0.000000 0.000000 0.000000 0.000000 0.000000 0.000000 0.000000 0.000000 0.000000 0.000000 0.000000 0.000000 0.000000 0.000000 0.000000 0.000000 0.000000 0.000000 0.457240 0.000000 0.000000 0.000000 0.005843 0.191630 0.000000 0.236360 0.000000 0.349324 0.000000 0.000000 0.000000 0.000000 0.000000 0.879013 0.521261 0.000000 0.000000 0.000000 0.000000 0.000000 0.000000 0.000000 0.140338 0.000000 0.000000 0.000000 0.000000 0.000000 0.000000 
0.000000 0.000000 0.000000 0.000000 0.000000 0.000000 0.000000 0.000000 0.000000 0.000000 0.000000 0.000000 0.000000 0.000000 0.000000 0.000000 0.000000 0.313187 0.000000 0.532342 0.970042 0.088528 0.000000 0.000000 0.000000 0.000000 0.000000 0.000000 0.000000 0.778391 0.000000 0.000000 0.000000 0.000000 0.601827 0.000000 0.202232 0.000000 0.000000 0.000000 0.000000 0.384509 0.930854 0.000000 0.000000 0.000000 0.000000 0.921405 0.000000 0.820926 
0.000000 0.000000 0.000000 0.000000 0.000000 0.000000 0.000000 0.000000 0.000000 0.000000 0.000000 0.000000 0.000000 0.000000 0.000000 0.000000 0.000000 0.000000 0.004727 0.000000 0.627518 0.000000 0.000000 0.000000 0.350505 0.285149 0.675255 0.000000 0.637806 0.000000 0.000000 0.363727 0.000000 0.000000 0.000000 0.291057 0.729702 0.006954 0.000000 0.000000 0.000000 0.000000 0.000000 0.000000 0.000000 0.000000 0.000000 0.000000 0.547723 0.828622 
0.000000 0.000000 0.000000 0.000000 0.000000 0.000000 0.000000 0.000000 0.000000 0.000000 0.000000 0.000000 0.000000 0.000000 0.000000 0.000000 0.000000 0.000000 0.000000 0.000000 0.000000 0.000000 0.461250 0.000000 0.000000 0.956111 0.000000 0.000000 0.000000 0.000000 0.000000 0.367118 0.000000 0.000000 0.000000 0.000000 0.000000 0.000000 0.000000 0.000000 0.520118 0.000000 0.675320 0.000000 0.788231 0.325177 0.000000 0.182003 0.000000 0.000000 
0.000000 0.000000 0.000000 0.000000 0.000000 0.000000 0.000000 0.000000 0.000000 0.000000 0.000000 0.000000 0.000000 0.000000 0.000000 0.000000 0.000000 0.000000 0.000000 0.000000 0.212269 0.000000 0.129663 0.144946 0.000000 0.000000 0.000000 0.000000 0.000000 0.000000 0.844113 0.000000 0.000000 0.000000 0.000000 0.463442 0.000000 0.000000 0.000000 0.214741 0.000000 0.000000 0.000000 0.586537 0.514849 0.000000 0.000000 0.984980 0.389667 0.000000 
0.000000 0.000000 0.000000 0.000000 0.000000 0.000000 0.000000 0.000000 0.000000 0.000000 0.000000 0.000000 0.000000 0.000000 0.000000 0.000000 0.000000 0.000000 0.000000 0.000000 0.000000 0.000000 0.000000 0.000000 0.000000 0.000000 0.000000 0.323755 0.043379 0.517722 0.427295 0.000000 0.000000 0.000000 0.597113 0.000000 0.000000 0.000000 0.000000 0.000000 0.000000 0.000000 0.925511 0.000000 0.247962 0.000000 0.112157 0.000000 0.000000 0.678161 
0.000000 0.000000 0.000000 0.000000 0.000000 0.000000 0.000000 0.000000 0.000000 0.000000 0.000000 0.000000 0.000000 0.000000 0.000000 0.000000 0.000000 0.000000 0.000000 0.000000 0.000000 0.000000 0.000000 0.000000 0.000000 0.000000 0.000000 0.000000 0.000000 0.000000 0.322695 0.867321 0.000000 0.390050 0.000000 0.000000 0.000000 0.000000 0.000000 0.000047 0.000000 0.000000 0.000000 0.035039 0.478869 0.587197 0.000000 0.000000 0.573122 0.000000 
0.000000 0.000000 0.000000 0.000000 0.000000 0.000000 0.000000 0.000000 0.000000 0.000000 0.000000 0.000000 0.000000 0.000000 0.000000 0.000000 0.000000 0.000000 0.000000 0.000000 0.000000 0.000000 0.000000 0.000000 0.327626 0.246476 0.000000 0.101124 0.000000 0.000000 0.000000 0.769074 0.000000 0.000000 0.000000 0.564252 0.411551 0.000000 0.000000 0.000000 0.000000 0.000000 0.000000 0.349562 0.827615 0.000000 0.000000 0.000000 0.000000 0.000000 
0.000000 0.000000 0.000000 0.000000 0.000000 0.000000 0.000000 0.000000 0.000000 0.000000 0.000000 0.000000 0.000000 0.000000 0.000000 0.000000 0.000000 0.000000 0.000000 0.000000 0.000000 0.000000 0.000000 0.340321 0.000000 0.925318 0.000000 0.067608 0.112205 0.000000 0.256673 0.000000 0.000000 0.000000 0.000000 0.558645 0.390888 0.000000 0.000000 0.000000 0.374975 0.000000 0.000000 0.703571 0.000000 0.000000 0.000000 0.000000 0.000000 0.000000 
0.000000 0.000000 0.000000 0.000000 0.000000 0.000000 0.000000 0.000000 0.000000 0.000000 0.000000 0.000000 0.000000 0.000000 0.000000 0.000000 0.000000 0.000000 0.000000 0.000000 0.000000 0.000000 0.000000 0.000000 0.169177 0.000000 0.000000 0.000000 0.000000 0.000000 0.000000 0.646840 0.000000 0.002209 0.000000 0.000000 0.000000 0.000000 0.133548 0.000000 0.691745 0.000000 0.000000 0.000000 0.000000 0.439207 0.000000 0.408417 0.000000 0.000000 
0.000000 0.000000 0.000000 0.000000 0.000000 0.000000 0.000000 0.000000 0.000000 0.000000 0.000000 0.000000 0.000000 0.000000 0.000000 0.000000 0.000000 0.000000 0.000000 0.000000 0.000000 0.000000 0.000000 0.000000 0.000000 0.000000 0.030324 0.000000 0.568379 0.000000 0.000000 0.000000 0.000000 0.000000 0.329342 0.000000 0.000000 0.000000 0.000000 0.000000 0.000000 0.000000 0.000000 0.000000 0.706995 0.000000 0.000000 0.000000 0.000000 0.000000 
0.000000 0.000000 0.000000 0.000000 0.000000 0.000000 0.000000 0.000000 0.000000 0.000000 0.000000 0.000000 0.000000 0.000000 0.000000 0.000000 0.000000 0.000000 0.000000 0.000000 0.000000 0.000000 0.000000 0.000000 0.000000 0.000000 0.000000 0.000000 0.000000 0.292207 0.000000 0.000000 0.000000 0.508369 0.000000 0.000000 0.000000 0.000000 0.974499 0.000000 0.000000 0.144246 0.000000 0.000000 0.000000 0.000000 0.000000 0.546222 0.000000 0.000000 
0.000000 0.000000 0.000000 0.000000 0.000000 0.000000 0.000000 0.000000 0.000000 0.000000 0.000000 0.000000 0.000000 0.000000 0.000000 0.000000 0.000000 0.000000 0.000000 0.000000 0.000000 0.000000 0.000000 0.000000 0.000000 0.000000 0.000000 0.000000 0.432452 0.000000 0.000000 0.000000 0.722377 0.000000 0.527017 0.000000 0.000000 0.000000 0.000000 0.000000 0.020864 0.000000 0.558524 0.000000 0.000000 0.000000 0.000000 0.793878 0.000000 0.000000 
0.000000 0.000000 0.000000 0.000000 0.000000 0.000000 0.000000 0.000000 0.000000 0.000000 0.000000 0.000000 0.000000 0.000000 0.000000 0.000000 0.000000 0.000000 0.000000 0.000000 0.000000 0.000000 0.000000 0.000000 0.000000 0.000000 0.000000 0.000000 0.000000 0.000000 0.000000 0.000000 0.000000 0.000000 0.000000 0.000000 0.000000 0.000000 0.000000 0.000000 0.000000 0.000000 0.000000 0.540197 0.000000 0.000000 0.000000 0.143224 0.000000 0.746635 
0.000000 0.000000 0.000000 0.000000 0.000000 0.000000 0.000000 0.000000 0.000000 0.000000 0.000000 0.000000 0.000000 0.000000 0.000000 0.000000 0.000000 0.000000 0.000000 0.000000 0.000000 0.000000 0.000000 0.000000 0.000000 0.000000 0.000000 0.000000 0.000000 0.211604 0.000000 0.000000 0.000000 0.000000 0.000000 0.000000 0.946811 0.690502 0.000000 0.000000 0.000000 0.000000 0.000000 0.000000 0.279178 0.609179 0.000000 0.000000 0.380434 0.000000 
0.000000 0.000000 0.000000 0.000000 0.000000 0.000000 0.000000 0.000000 0.000000 0.000000 0.000000 0.000000 0.000000 0.000000 0.000000 0.000000 0.000000 0.000000 0.000000 0.000000 0.000000 0.000000 0.000000 0.000000 0.000000 0.000000 0.000000 0.000000 0.000000 0.000000 0.500019 0.251974 0.000000 0.215066 0.944697 0.000000 0.258257 0.772706 0.178952 0.000000 0.000000 0.000000 0.630351 0.283138 0.000000 0.000000 0.000000 0.000000 0.254432 0.000000 
0.000000 0.000000 0.000000 0.000000 0.000000 0.000000 0.000000 0.000000 0.000000 0.000000 0.000000 0.000000 0.000000 0.000000 0.000000 0.000000 0.000000 0.000000 0.000000 0.000000 0.000000 0.000000 0.000000 0.000000 0.000000 0.000000 0.000000 0.000000 0.000000 0.000000 0.000000 0.759771 0.000000 0.000000 0.580048 0.000000 0.000000 0.788590 0.000000 0.000000 0.000000 0.413894 0.000000 0.000000 0.943863 0.000000 0.000000 0.000000 0.000000 0.000000 
0.000000 0.000000 0.000000 0.000000 0.000000 0.000000 0.000000 0.000000 0.000000 0.000000 0.000000 0.000000 0.000000 0.000000 0.000000 0.000000 0.000000 0.000000 0.000000 0.000000 0.000000 0.000000 0.000000 0.000000 0.000000 0.000000 0.000000 0.000000 0.000000 0.000000 0.000000 0.000000 0.000000 0.000000 0.212645 0.000000 0.000000 0.000000 0.000000 0.931338 0.000000 0.000000 0.000000 0.000000 0.000000 0.000000 0.000000 0.000000 0.579494 0.000000 
0.000000 0.000000 0.000000 0.000000 0.000000 0.000000 0.000000 0.000000 0.000000 0.000000 0.000000 0.000000 0.000000 0.000000 0.000000 0.000000 0.000000 0.000000 0.000000 0.000000 0.000000 0.000000 0.000000 0.000000 0.000000 0.000000 0.000000 0.000000 0.000000 0.000000 0.000000 0.000000 0.000000 0.000000 0.000000 0.000000 0.000000 0.387011 0.000000 0.149882 0.680170 0.821129 0.268084 0.000000 0.000000 0.000000 0.146135 0.000000 0.000000 0.000000 
0.000000 0.000000 0.000000 0.000000 0.000000 0.000000 0.000000 0.000000 0.000000 0.000000 0.000000 0.000000 0.000000 0.000000 0.000000 0.000000 0.000000 0.000000 0.000000 0.000000 0.000000 0.000000 0.000000 0.000000 0.000000 0.000000 0.000000 0.000000 0.000000 0.000000 0.000000 0.000000 0.000000 0.000000 0.000000 0.000000 0.000000 0.000000 0.000000 0.000000 0.000000 0.000000 0.000000 0.000000 0.000000 0.000000 0.000000 0.000000 0.000000 0.417489 
0.000000 0.000000 0.000000 0.000000 0.000000 0.000000 0.000000 0.000000 0.000000 0.000000 0.000000 0.000000 0.000000 0.000000 0.000000 0.000000 0.000000 0.000000 0.000000 0.000000 0.000000 0.000000 0.000000 0.000000 0.000000 0.000000 0.000000 0.000000 0.000000 0.000000 0.000000 0.000000 0.000000 0.000000 0.000000 0.000000 0.000000 0.000000 0.829569 0.000000 0.000000 0.000000 0.000000 0.000000 0.000000 0.000000 0.000000 0.470325 0.832225 0.150099 
0.000000 0.000000 0.000000 0.000000 0.000000 0.000000 0.000000 0.000000 0.000000 0.000000 0.000000 0.000000 0.000000 0.000000 0.000000 0.000000 0.000000 0.000000 0.000000 0.000000 0.000000 0.000000 0.000000 0.000000 0.000000 0.000000 0.000000 0.000000 0.000000 0.000000 0.000000 0.000000 0.000000 0.000000 0.000000 0.000000 0.000000 0.000000 0.118126 0.000000 0.000000 0.908109 0.000000 0.000000 0.000000 0.000000 0.000000 0.000000 0.000000 0.931014 
0.000000 0.000000 0.000000 0.000000 0.000000 0.000000 0.000000 0.000000 0.000000 0.000000 0.000000 0.000000 0.000000 0.000000 0.000000 0.000000 0.000000 0.000000 0.000000 0.000000 0.000000 0.000000 0.000000 0.000000 0.000000 0.000000 0.000000 0.000000 0.000000 0.000000 0.000000 0.000000 0.000000 0.000000 0.000000 0.000000 0.000000 0.896618 0.153923 0.000000 0.000000 0.000000 0.000000 0.000000 0.000000 0.000000 0.000000 0.000000 0.630424 0.000000 
0.000000 0.000000 0.000000 0.000000 0.000000 0.000000 0.000000 0.000000 0.000000 0.000000 0.000000 0.000000 0.000000 0.000000 0.000000 0.000000 0.000000 0.000000 0.000000 0.000000 0.000000 0.000000 0.000000 0.000000 0.000000 0.000000 0.000000 0.000000 0.000000 0.000000 0.000000 0.000000 0.000000 0.000000 0.000000 0.000000 0.000000 0.000000 0.000000 0.000000 0.981980 0.263617 0.203578 0.000000 0.000000 0.000000 0.000000 0.347287 0.000000 0.000000 
0.000000 0.000000 0.000000 0.000000 0.000000 0.000000 0.000000 0.000000 0.000000 0.000000 0.000000 0.000000 0.000000 0.000000 0.000000 0.000000 0.000000 0.000000 0.000000 0.000000 0.000000 0.000000 0.000000 0.000000 0.000000 0.000000 0.000000 0.000000 0.000000 0.000000 0.000000 0.000000 0.000000 0.000000 0.000000 0.000000 0.000000 0.000000 0.000000 0.000000 0.000000 0.000000 0.000000 0.000000 0.000000 0.615935 0.037932 0.000000 0.000000 0.092489 
0.000000 0.000000 0.000000 0.000000 0.000000 0.000000 0.000000 0.000000 0.000000 0.000000 0.000000 0.000000 0.000000 0.000000 0.000000 0.000000 0.000000 0.000000 0.000000 0.000000 0.000000 0.000000 0.000000 0.000000 0.000000 0.000000 0.000000 0.000000 0.000000 0.000000 0.000000 0.000000 0.000000 0.000000 0.000000 0.000000 0.000000 0.000000 0.000000 0.000000 0.000000 0.000000 0.000000 0.909686 0.259237 0.000000 0.000000 0.000000 0.120243 0.000000 
0.000000 0.000000 0.000000 0.000000 0.000000 0.000000 0.000000 0.000000 0.000000 0.000000 0.000000 0.000000 0.000000 0.000000 0.000000 0.000000 0.000000 0.000000 0.000000 0.000000 0.000000 0.000000 0.000000 0.000000 0.000000 0.000000 0.000000 0.000000 0.000000 0.000000 0.000000 0.000000 0.000000 0.000000 0.000000 0.000000 0.000000 0.000000 0.000000 0.000000 0.000000 0.000000 0.000000 0.000000 0.711434 0.000000 0.000000 0.000000 0.000000 0.000000 
0.000000 0.000000 0.000000 0.000000 0.000000 0.000000 0.000000 0.000000 0.000000 0.000000 0.000000 0.000000 0.000000 0.000000 0.000000 0.000000 0.000000 0.000000 0.000000 0.000000 0.000000 0.000000 0.000000 0.000000 0.000000 0.000000 0.000000 0.000000 0.000000 0.000000 0.000000 0.000000 0.000000 0.000000 0.000000 0.000000 0.000000 0.000000 0.000000 0.000000 0.000000 0.000000 0.000000 0.000000 0.000000 0.794247 0.000000 0.000000 0.000000 0.000000 
0.000000 0.000000 0.000000 0.000000 0.000000 0.000000 0.000000 0.000000 0.000000 0.000000 0.000000 0.000000 0.000000 0.000000 0.000000 0.000000 0.000000 0.000000 0.000000 0.000000 0.000000 0.000000 0.000000 0.000000 0.000000 0.000000 0.000000 0.000000 0.000000 0.000000 0.000000 0.000000 0.000000 0.000000 0.000000 0.000000 0.000000 0.000000 0.000000 0.000000 0.000000 0.000000 0.000000 0.000000 0.000000 0.000000 0.000000 0.990165 0.000000 0.000000 
0.000000 0.000000 0.000000 0.000000 0.000000 0.000000 0.000000 0.000000 0.000000 0.000000 0.000000 0.000000 0.000000 0.000000 0.000000 0.000000 0.000000 0.000000 0.000000 0.000000 0.000000 0.000000 0.000000 0.000000 0.000000 0.000000 0.000000 0.000000 0.000000 0.000000 0.000000 0.000000 0.000000 0.000000 0.000000 0.000000 0.000000 0.000000 0.000000 0.000000 0.000000 0.000000 0.000000 0.000000 0.000000 0.823659 0.116995 0.573077 0.000000 0.000000 
0.000000 0.000000 0.000000 0.000000 0.000000 0.000000 0.000000 0.000000 0.000000 0.000000 0.000000 0.000000 0.000000 0.000000 0.000000 0.000000 0.000000 0.000000 0.000000 0.000000 0.000000 0.000000 0.000000 0.000000 0.000000 0.000000 0.000000 0.000000 0.000000 0.000000 0.000000 0.000000 0.000000 0.000000 0.000000 0.000000 0.000000 0.000000 0.000000 0.000000 0.000000 0.000000 0.000000 0.000000 0.000000 0.000000 0.000000 0.403541 0.000000 0.000000 
0.000000 0.000000 0.000000 0.000000 0.000000 0.000000 0.000000 0.000000 0.000000 0.000000 0.000000 0.000000 0.000000 0.000000 0.000000 0.000000 0.000000 0.000000 0.000000 0.000000 0.000000 0.000000 0.000000 0.000000 0.000000 0.000000 0.000000 0.000000 0.000000 0.000000 0.000000 0.000000 0.000000 0.000000 0.000000 0.000000 0.000000 0.000000 0.000000 0.000000 0.000000 0.000000 0.000000 0.000000 0.000000 0.000000 0.000000 0.000000 0.000000 0.170819 
