25
25
0.000000 0.000000 0.798440 0.197551 0.000000 0.000000 0.553970 0.000000 0.000000 0.000000 0.000000 0.000000 0.000000 0.000000 0.000000 0.000000 0.000000 0.000000 0.000000 0.000000 0.156679 0.000000 0.000000 0.000000 0.000000 
0.000000 0.839112 0.000000 0.000000 0.524287 0.972775 0.000000 0.000000 0.769914 0.891529 0.000000 0.807725 0.000000 0.000000 0.000000 0.086056 0.000000 0.000000 0.000000 0.064171 0.000000 0.000000 0.238280 0.902208 0.000000 
0.000000 0.375207 0.512535 0.531606 0.000000 0.000000 0.930810 0.000000 0.000000 0.000000 0.000000 0.000000 0.000000 0.000000 0.000000 0.000000 0.000000 0.000000 0.000000 0.000000 0.000000 0.000000 0.000000 0.000000 0.000000 
0.000000 0.000000 0.000000 0.000000 0.000000 0.000000 0.000000 0.000000 0.000000 0.000000 0.000000 0.000000 0.641081 0.000000 0.281059 0.000000 0.000000 0.226107 0.000000 0.556444 0.169607 0.000000 0.000000 0.495444 0.984752 
0.000000 0.000000 0.383188 0.368664 0.000000 0.000000 0.244413 0.000000 0.125475 0.000000 0.000000 0.000000 0.000000 0.000000 0.000000 0.176211 0.000000 0.000000 0.000000 0.000000 0.000000 0.000000 0.093480 0.000000 0.000000 
0.000000 0.000000 0.069906 0.000000 0.819677 0.000000 0.000000 0.000000 0.000000 0.204329 0.125468 0.000000 0.000000 0.000000 0.000000 0.000000 0.000000 0.000000 0.000000 0.000000 0.913027 0.000000 0.000000 0.000000 0.452576 
0.000000 0.000000 0.000000 0.000000 0.000000 0.000000 0.304295 0.000000 0.877614 0.000000 0.035421 0.000000 0.000000 0.000000 0.000000 0.979434 0.000000 0.000000 0.000000 0.497259 0.000000 0.000000 0.000000 0.000000 0.000000 
0.000000 0.000000 0.000000 0.000000 0.000000 0.229137 0.316867 0.000000 0.000000 0.000000 0.000000 0.000000 0.000000 0.000000 0.280042 0.000000 0.113281 0.000000 0.000000 0.450918 0.000000 0.000000 0.003231 0.000000 0.000000 
0.000000 0.000000 0.000000 0.000000 0.000000 0.000000 0.000000 0.000000 0.000000 0.000000 0.000000 0.000000 0.000000 0.000000 0.000000 0.000000 0.000000 0.637640 0.184622 0.000000 0.730729 0.000000 0.000000 0.000000 0.000000 
0.000000 0.000000 0.000000 0.000000 0.000000 0.000000 0.653130 0.000000 0.000000 0.000000 0.000000 0.686125 0.000000 0.000000 0.000000 0.000000 0.000000 0.000000 0.000000 0.000000 0.000000 0.189751 0.003579 0.331479 0.000000 
0.000000 0.000000 0.000000 0.000000 0.000000 0.000000 0.000000 0.000000 0.000000 0.764871 0.000000 0.000000 0.383832 0.000000 0.000000 0.000000 0.000000 0.000000 0.000000 0.000000 0.000000 0.000000 0.000000 0.000000 0.000000 
0.000000 0.000000 0.000000 0.000000 0.000000 0.000000 0.000000 0.000000 0.000000 0.273911 0.000000 0.000000 0.000000 0.000000 0.000000 0.000000 0.000000 0.727550 0.000000 0.000000 0.000000 0.000000 0.178208 0.000000 0.121259 
0.000000 0.000000 0.000000 0.000000 0.000000 0.000000 0.000000 0.000000 0.000000 0.000000 0.000000 0.931895 0.000000 0.000000 0.000000 0.000000 0.334972 0.000000 0.000000 0.000000 0.000000 0.000000 0.000000 0.000000 0.363598 
0.000000 0.000000 0.000000 0.000000 0.000000 0.000000 0.000000 0.000000 0.000000 0.000000 0.331386 0.000000 0.000000 0.000000 0.000000 0.000000 0.761778 0.000000 0.000000 0.000000 0.000000 0.000000 0.557561 0.000000 0.000000 
0.000000 0.000000 0.000000 0.000000 0.000000 0.000000 0.000000 0.000000 0.000000 0.000000 0.000000 0.000000 0.326013 0.000000 0.000000 0.000000 0.000000 0.000000 0.000000 0.000000 0.783282 0.000000 0.000000 0.000000 0.000000 
0.000000 0.000000 0.000000 0.000000 0.000000 0.000000 0.000000 0.000000 0.000000 0.000000 0.000000 0.000000 0.000000 0.000000 0.000000 0.707909 0.473894 0.000000 0.099559 0.000000 0.000000 0.000000 0.000000 0.000000 0.000000 
0.000000 0.000000 0.000000 0.000000 0.000000 0.000000 0.000000 0.000000 0.000000 0.000000 0.000000 0.000000 0.000000 0.000000 0.000000 0.692076 0.000000 0.000000 0.578635 0.000000 0.000000 0.000000 0.000000 0.000000 0.169820 
0.000000 0.000000 0.000000 0.000000 0.000000 0.000000 0.000000 0.000000 0.000000 0.000000 0.000000 0.000000 0.000000 0.000000 0.000000 0.618925 0.000000 0.000000 0.000000 0.000000 0.000000 0.000000 0.481733 0.000000 0.000000 
0.000000 0.000000 0.000000 0.000000 0.000000 0.000000 0.000000 0.000000 0.000000 0.000000 0.000000 0.000000 0.000000 0.000000 0.000000 0.357193 0.000000 0.000000 0.659146 0.257469 0.000000 0.000000 0.308157 0.000000 0.000000 
0.000000 0.000000 0.000000 0.000000 0.000000 0.000000 0.000000 0.000000 0.000000 0.000000 0.000000 0.000000 0.000000 0.000000 0.000000 0.000000 0.000000 0.674605 0.000000 0.000000 0.000000 0.315658 0.000000 0.000000 0.000000 
0.000000 0.000000 0.000000 0.000000 0.000000 0.000000 0.000000 0.000000 0.000000 0.000000 0.000000 0.000000 0.000000 0.000000 0.000000 0.000000 0.000000 0.000000 0.000000 0.000000 0.000000 0.000000 0.305408 0.000000 0.000000 
0.000000 0.000000 0.000000 0.000000 0.000000 0.000000 0.000000 0.000000 0.000000 0.000000 0.000000 0.000000 0.000000 0.000000 0.000000 0.000000 0.000000 0.000000 0.000000 0.000000 0.000000 0.000000 0.697848 0.000000 0.000000 
0.000000 0.000000 0.000000 0.000000 0.000000 0.000000 0.000000 0.000000 0.000000 0.000000 0.000000 0.000000 0.000000 0.000000 0.000000 0.000000 0.000000 0.000000 0.000000 0.000000 0.000000 0.000000 0.000000 0.000000 0.000000 
0.000000 0.000000 0.000000 0.000000 0.000000 0.000000 0.000000 0.000000 0.000000 0.000000 0.000000 0.000000 0.000000 0.000000 0.000000 0.000000 0.000000 0.000000 0.000000 0.000000 0.000000 0.000000 0.801897 0.000000 0.032893 
0.000000 0.000000 0.000000 0.000000 0.000000 0.000000 0.000000 0.000000 0.000000 0.000000 0.000000 0.000000 0.000000 0.000000 0.000000 0.000000 0.000000 0.000000 0.000000 0.000000 0.000000 0.000000 0.000000 0.618958 0.000000 
